2 
9 
6 
1 
5 
3 
2 
4 
3 
4 
9 
5 
0 
3 
9 
8 
4 
8 
2 
0 
8 
0 
9 
9 
2 
10 
0 
9 
7 
2 
7 
8 
7 
1 
9 
8 
6 
7 
1 
8 
1 
8 
4 
7 
2 
2 
10 
8 
1 
0 
3 
8 
1 
0 
9 
10 
8 
2 
0 
6 
10 
2 
10 
1 
0 
2 
1 
8 
7 
4 
4 
9 
8 
8 
5 
6 
5 
1 
6 
2 
8 
6 
2 
9 
8 
1 
2 
9 
9 
8 
5 
1 
0 
3 
2 
2 
2 
1 
6 
5 
0 
0.0204117 
0.0275967 
0.0337173 
0.0360126 
0.0400375 
0.061626 
0.0748651 
0.0760959 
0.107264 
0.113352 
0.134275 
0.13677 
0.14136 
0.144321 
0.168071 
0.178217 
0.190724 
0.210583 
0.228911 
0.235265 
0.247506 
0.260379 
0.273153 
0.277743 
0.2827 
0.302226 
0.312438 
0.313768 
0.357311 
0.36739 
0.374675 
0.37727 
0.388945 
0.409103 
0.437877 
0.449486 
0.450318 
0.46023 
0.4749 
0.485977 
0.493994 
0.527058 
0.528987 
0.532048 
0.539166 
0.544755 
0.567607 
0.568539 
0.574859 
0.578717 
0.58078 
0.586302 
0.591291 
0.596946 
0.599641 
0.599807 
0.615108 
0.62379 
0.628347 
0.640323 
0.64458 
0.652231 
0.661246 
0.674152 
0.689953 
0.69584 
0.696273 
0.722419 
0.737421 
0.741579 
0.754419 
0.768988 
0.773446 
0.776606 
0.797462 
0.799392 
0.812032 
0.828797 
0.83056 
0.860997 
0.881388 
0.88701 
0.906569 
0.909164 
0.921704 
0.924099 
0.927292 
0.935908 
0.956199 
0.995318 
1.00616 
1.01039 
1.01524 
1.02589 
1.02925 
1.03374 
1.04937 
1.06547 
1.07342 
1.09045 
1.09697 
